# time_ps intensity_a.u. spectrum_a.u.
-1.500000e+01	1.176552e+06	2.252662e+09
-1.488235e+01	1.204013e+06	9.491992e+08
-1.476471e+01	1.231987e+06	1.097594e+09
-1.464706e+01	1.260479e+06	2.737910e+08
-1.452941e+01	1.289494e+06	3.375527e+09
-1.441176e+01	1.319040e+06	9.112543e+08
-1.429412e+01	1.349121e+06	1.034103e+08
-1.417647e+01	1.379744e+06	1.027773e+08
-1.405882e+01	1.410914e+06	1.018737e+09
-1.394118e+01	1.442638e+06	3.404041e+08
-1.382353e+01	1.474920e+06	1.343496e+09
-1.370588e+01	1.507767e+06	9.626938e+08
-1.358824e+01	1.541185e+06	2.666979e+08
-1.347059e+01	1.575178e+06	2.503074e+08
-1.335294e+01	1.609752e+06	1.134410e+09
-1.323529e+01	1.644913e+06	7.392824e+08
-1.311765e+01	1.680667e+06	1.177373e+09
-1.300000e+01	1.717018e+06	1.661612e+08
-1.288235e+01	1.753971e+06	1.150200e+08
-1.276471e+01	1.791533e+06	2.930156e+09
-1.264706e+01	1.829707e+06	1.557607e+09
-1.252941e+01	1.868499e+06	6.479604e+08
-1.241176e+01	1.907914e+06	5.124469e+09
-1.229412e+01	1.947957e+06	1.071548e+09
-1.217647e+01	1.988632e+06	4.015786e+08
-1.205882e+01	2.029944e+06	1.549949e+09
-1.194118e+01	2.071897e+06	7.057477e+08
-1.182353e+01	2.114496e+06	1.144949e+09
-1.170588e+01	2.157745e+06	2.631907e+08
-1.158824e+01	2.201648e+06	8.645626e+08
-1.147059e+01	2.246210e+06	1.364788e+09
-1.135294e+01	2.291433e+06	1.742670e+09
-1.123529e+01	2.337323e+06	1.268033e+09
-1.111765e+01	2.383882e+06	1.374886e+09
-1.100000e+01	2.431114e+06	6.319317e+08
-1.088235e+01	2.479023e+06	5.789479e+08
-1.076471e+01	2.527611e+06	4.635636e+08
-1.064706e+01	2.576882e+06	3.708934e+08
-1.052941e+01	2.626838e+06	1.084609e+09
-1.041176e+01	2.677483e+06	4.222814e+09
-1.029412e+01	2.728819e+06	9.027331e+08
-1.017647e+01	2.780848e+06	5.535988e+09
-1.005882e+01	2.833572e+06	6.885485e+08
-9.941176e+00	2.886994e+06	2.334452e+09
-9.823529e+00	2.941115e+06	1.662356e+09
-9.705882e+00	2.995938e+06	1.966860e+08
-9.588235e+00	3.051463e+06	2.599330e+09
-9.470588e+00	3.107692e+06	2.691082e+08
-9.352941e+00	3.164626e+06	1.071129e+09
-9.235294e+00	3.222265e+06	1.616120e+09
-9.117647e+00	3.280611e+06	1.618117e+09
-9.000000e+00	3.339665e+06	5.025462e+08
-8.882353e+00	3.399425e+06	1.102038e+09
-8.764706e+00	3.459893e+06	1.376069e+09
-8.647059e+00	3.521068e+06	1.188901e+09
-8.529412e+00	3.582950e+06	2.975182e+08
-8.411765e+00	3.645538e+06	5.732636e+07
-8.294118e+00	3.708831e+06	1.439246e+09
-8.176471e+00	3.772828e+06	5.829298e+09
-8.058824e+00	3.837527e+06	1.645950e+09
-7.941176e+00	3.902928e+06	3.236207e+09
-7.823529e+00	3.969028e+06	4.552688e+08
-7.705882e+00	4.035826e+06	1.321206e+09
-7.588235e+00	4.103318e+06	5.250312e+09
-7.470588e+00	4.171502e+06	1.292600e+09
-7.352941e+00	4.240376e+06	7.966782e+08
-7.235294e+00	4.309935e+06	1.171134e+09
-7.117647e+00	4.380178e+06	1.808850e+09
-7.000000e+00	4.451099e+06	1.300862e+09
-6.882353e+00	4.522696e+06	4.702485e+09
-6.764706e+00	4.594963e+06	4.402641e+09
-6.647059e+00	4.667897e+06	1.975329e+09
-6.529412e+00	4.741492e+06	6.964825e+08
-6.411765e+00	4.815743e+06	1.235574e+09
-6.294118e+00	4.890646e+06	1.072519e+10
-6.176471e+00	4.966193e+06	4.897140e+08
-6.058824e+00	5.042381e+06	3.751358e+08
-5.941176e+00	5.119201e+06	6.134971e+08
-5.823529e+00	5.196648e+06	1.164062e+06
-5.705882e+00	5.274714e+06	1.839826e+09
-5.588235e+00	5.353393e+06	3.382919e+09
-5.470588e+00	5.432677e+06	8.351312e+07
-5.352941e+00	5.512559e+06	1.536634e+09
-5.235294e+00	5.593030e+06	6.543146e+08
-5.117647e+00	5.674082e+06	3.890143e+09
-5.000000e+00	5.755706e+06	4.211759e+08
-4.882353e+00	5.837893e+06	1.098958e+09
-4.764706e+00	5.920635e+06	2.888256e+09
-4.647059e+00	6.003921e+06	1.470373e+09
-4.529412e+00	6.087741e+06	5.964442e+08
-4.411765e+00	6.172086e+06	4.538833e+08
-4.294118e+00	6.256944e+06	1.067053e+09
-4.176471e+00	6.342306e+06	4.213744e+09
-4.058824e+00	6.428160e+06	1.201637e+09
-3.941176e+00	6.514494e+06	1.731353e+10
-3.823529e+00	6.601296e+06	1.451227e+09
-3.705882e+00	6.688556e+06	2.944134e+08
-3.588235e+00	6.776260e+06	4.397061e+08
-3.470588e+00	6.864395e+06	2.094189e+09
-3.352941e+00	6.952949e+06	6.380098e+08
-3.235294e+00	7.041909e+06	5.666508e+08
-3.117647e+00	7.131261e+06	3.088161e+09
-3.000000e+00	7.220991e+06	6.735303e+08
-2.882353e+00	7.311085e+06	4.693384e+08
-2.764706e+00	7.401528e+06	7.588048e+08
-2.647059e+00	7.492307e+06	2.310324e+08
-2.529412e+00	7.583405e+06	5.454047e+08
-2.411765e+00	7.674807e+06	1.990758e+09
-2.294118e+00	7.766499e+06	9.214233e+08
-2.176471e+00	7.858464e+06	1.169558e+09
-2.058824e+00	7.950686e+06	2.940205e+09
-1.941176e+00	8.043148e+06	8.774007e+09
-1.823529e+00	8.135834e+06	1.284369e+10
-1.705882e+00	8.228728e+06	8.940036e+09
-1.588235e+00	8.321811e+06	1.392832e+10
-1.470588e+00	8.415066e+06	7.747335e+08
-1.352941e+00	8.508476e+06	6.614954e+09
-1.235294e+00	8.602023e+06	1.172512e+10
-1.117647e+00	8.695689e+06	8.432482e+08
-1.000000e+00	8.789455e+06	1.659905e+09
-8.823529e-01	8.883302e+06	5.546389e+09
-7.647059e-01	8.977211e+06	9.164028e+09
-6.470588e-01	9.071165e+06	5.133008e+07
-5.294118e-01	9.165142e+06	1.576005e+09
-4.117647e-01	9.259125e+06	6.596929e+09
-2.941176e-01	9.353092e+06	5.907927e+09
-1.764706e-01	9.447024e+06	1.023645e+10
-5.882353e-02	9.540902e+06	8.140346e+09
5.882353e-02	9.634704e+06	3.358443e+09
1.764706e-01	9.728410e+06	6.471239e+09
2.941176e-01	9.822000e+06	4.443974e+09
4.117647e-01	9.915452e+06	9.585256e+09
5.294118e-01	1.000875e+07	6.271272e+09
6.470588e-01	1.010186e+07	7.941315e+09
7.647059e-01	1.019478e+07	1.975918e+09
8.823529e-01	1.028747e+07	5.714627e+08
1.000000e+00	1.037992e+07	1.693602e+09
1.117647e+00	1.047210e+07	8.601127e+09
1.235294e+00	1.056400e+07	1.333376e+10
1.352941e+00	1.065559e+07	2.794184e+09
1.470588e+00	1.074685e+07	1.723194e+09
1.588235e+00	1.083775e+07	3.595124e+09
1.705882e+00	1.092829e+07	1.137783e+08
1.823529e+00	1.101842e+07	1.435820e+10
1.941176e+00	1.110814e+07	2.404297e+09
2.058824e+00	1.119741e+07	1.251135e+09
2.176471e+00	1.128622e+07	1.270618e+09
2.294118e+00	1.137455e+07	4.100036e+09
2.411765e+00	1.146236e+07	9.257398e+08
2.529412e+00	1.154965e+07	5.669090e+09
2.647059e+00	1.163638e+07	1.185370e+09
2.764706e+00	1.172254e+07	9.461315e+08
2.882353e+00	1.180810e+07	4.397395e+09
3.000000e+00	1.189304e+07	1.144287e+09
3.117647e+00	1.197734e+07	4.786427e+08
3.235294e+00	1.206097e+07	1.009393e+10
3.352941e+00	1.214392e+07	4.762671e+09
3.470588e+00	1.222615e+07	1.578960e+09
3.588235e+00	1.230766e+07	3.564665e+09
3.705882e+00	1.238841e+07	6.416402e+09
3.823529e+00	1.246839e+07	1.193737e+09
3.941176e+00	1.254758e+07	2.524287e+09
4.058824e+00	1.262594e+07	3.423520e+09
4.176471e+00	1.270346e+07	5.939006e+08
4.294118e+00	1.278012e+07	1.401240e+09
4.411765e+00	1.285590e+07	9.919935e+09
4.529412e+00	1.293078e+07	3.828505e+08
4.647059e+00	1.300473e+07	6.335814e+08
4.764706e+00	1.307774e+07	4.508986e+08
4.882353e+00	1.314978e+07	8.150353e+08
5.000000e+00	1.322083e+07	1.715230e+09
5.117647e+00	1.329088e+07	1.136228e+09
5.235294e+00	1.335989e+07	6.642562e+08
5.352941e+00	1.342787e+07	9.491507e+09
5.470588e+00	1.349477e+07	1.977928e+08
5.588235e+00	1.356059e+07	4.616998e+09
5.705882e+00	1.362531e+07	7.411294e+07
5.823529e+00	1.368890e+07	3.051693e+09
5.941176e+00	1.375135e+07	1.143665e+09
6.058824e+00	1.381264e+07	4.956689e+09
6.176471e+00	1.387275e+07	3.258698e+09
6.294118e+00	1.393167e+07	2.176377e+09
6.411765e+00	1.398937e+07	7.012105e+09
6.529412e+00	1.404584e+07	3.370201e+09
6.647059e+00	1.410106e+07	2.526923e+08
6.764706e+00	1.415502e+07	1.188968e+09
6.882353e+00	1.420770e+07	1.797482e+09
7.000000e+00	1.425908e+07	5.240284e+08
7.117647e+00	1.430915e+07	2.631442e+09
7.235294e+00	1.435789e+07	2.442000e+08
7.352941e+00	1.440530e+07	7.328172e+08
7.470588e+00	1.445134e+07	1.012261e+09
7.588235e+00	1.449602e+07	2.177898e+08
7.705882e+00	1.453931e+07	1.323684e+09
7.823529e+00	1.458121e+07	4.618385e+08
7.941176e+00	1.462170e+07	2.018895e+09
8.058824e+00	1.466076e+07	1.525360e+09
8.176471e+00	1.469840e+07	3.379660e+09
8.294118e+00	1.473458e+07	1.682735e+09
8.411765e+00	1.476932e+07	1.921134e+09
8.529412e+00	1.480258e+07	4.100441e+08
8.647059e+00	1.483437e+07	4.017969e+09
8.764706e+00	1.486467e+07	1.887643e+09
8.882353e+00	1.489347e+07	1.099302e+09
9.000000e+00	1.492077e+07	6.094046e+08
9.117647e+00	1.494655e+07	7.842957e+08
9.235294e+00	1.497081e+07	1.375567e+08
9.352941e+00	1.499354e+07	2.089787e+09
9.470588e+00	1.501474e+07	2.506475e+09
9.588235e+00	1.503439e+07	5.217647e+08
9.705882e+00	1.505249e+07	2.464965e+09
9.823529e+00	1.506904e+07	1.395829e+09
9.941176e+00	1.508402e+07	3.843627e+08
1.005882e+01	1.509744e+07	2.910879e+07
1.017647e+01	1.510930e+07	1.518868e+09
1.029412e+01	1.511958e+07	1.903118e+09
1.041176e+01	1.512828e+07	1.930776e+08
1.052941e+01	1.513541e+07	4.716418e+08
1.064706e+01	1.514095e+07	1.136053e+09
1.076471e+01	1.514491e+07	2.547727e+09
1.088235e+01	1.514729e+07	1.466450e+09
1.100000e+01	1.514808e+07	2.659083e+09
1.111765e+01	1.514729e+07	2.220774e+08
1.123529e+01	1.514491e+07	9.946532e+08
1.135294e+01	1.514095e+07	2.067537e+09
1.147059e+01	1.513541e+07	1.096054e+09
1.158824e+01	1.512828e+07	3.690337e+08
1.170588e+01	1.511958e+07	7.584771e+08
1.182353e+01	1.510930e+07	5.324760e+08
1.194118e+01	1.509744e+07	2.313147e+07
1.205882e+01	1.508402e+07	7.720281e+08
1.217647e+01	1.506904e+07	5.715283e+08
1.229412e+01	1.505249e+07	2.711003e+09
1.241176e+01	1.503439e+07	1.647224e+09
1.252941e+01	1.501474e+07	3.017126e+09
1.264706e+01	1.499354e+07	1.552375e+09
1.276471e+01	1.497081e+07	1.013796e+09
1.288235e+01	1.494655e+07	8.286656e+07
1.300000e+01	1.492077e+07	9.758288e+07
1.311765e+01	1.489347e+07	3.920556e+08
1.323529e+01	1.486467e+07	2.263596e+09
1.335294e+01	1.483437e+07	9.865100e+08
1.347059e+01	1.480258e+07	2.963006e+08
1.358824e+01	1.476932e+07	1.294575e+09
1.370588e+01	1.473458e+07	7.744517e+08
1.382353e+01	1.469840e+07	4.801391e+08
1.394118e+01	1.466076e+07	7.074306e+08
1.405882e+01	1.462170e+07	1.418661e+09
1.417647e+01	1.458121e+07	8.066662e+08
1.429412e+01	1.453931e+07	1.774157e+09
1.441176e+01	1.449602e+07	4.215449e+09
1.452941e+01	1.445134e+07	6.008975e+09
1.464706e+01	1.440530e+07	3.468640e+09
1.476471e+01	1.435789e+07	2.423373e+09
1.488235e+01	1.430915e+07	1.620371e+09
1.500000e+01	1.425908e+07	2.773176e+09